6.971615333408418547e-01
3.583017268569954616e-01
1.029416281546065681e+00
-3.760865149398815444e-01
1.110807391056343629e+00
-8.402762385175251980e-01
3.447523974928777823e-01
5.815212266368203764e-01
6.299920074069942366e-01
6.188104668356742000e-01
6.529006508105592577e-01
5.888521762903097256e-01
7.104245555126001976e-01
4.700713841817071303e-01
9.037734179366715415e-01
-2.507532101994974782e-03
1.271123222576862055e+00
-1.262808205394459593e+00
-8.512214222831473442e-01
-3.932515352735796443e-01
5.281280953220173213e-01
4.915375403220796358e-01
8.201856136323730784e-01
2.056750449633066580e-01
1.186832570320790481e+00
-9.102976564749637456e-01
1.959512183589016132e-01
6.731550710906377688e-01
4.243925158786123197e-01
9.497939107799018288e-01
-1.356341073728282720e-01
1.259182917718017158e+00
-1.260448500593850607e+00
-8.464677163935954152e-01
-3.812451830333786762e-01
5.425726396613053115e-01
4.734873480573351112e-01
8.489054156198763135e-01
1.331496378809437220e-01
1.229851268191005875e+00
-1.077602907255152509e+00
-2.567638555573577563e-01
5.844203792945026343e-01
4.448047917041703103e-01
8.983342899761643796e-01
3.635142345480069093e-03
1.269481787029028697e+00
-1.255127067934138418e+00
-8.246370032166173702e-01
-3.285747822839581445e-01
6.014629564608841017e-01
3.949668021222782488e-01
9.620406022480868513e-01
-1.772409278867227156e-01
1.244632095549021100e+00
-1.221924952945063314e+00
-7.169511982170069242e-01
-8.620411475824169001e-02
7.745110313731449203e-01
1.343244927663578836e-01
1.207093012312228320e+00
-9.996056086923057471e-01
-3.676801840709259528e-02
6.982256753436901775e-01
3.064428632850592082e-01
1.077997582761423434e+00
-5.349774448297428542e-01
9.227180617612421587e-01
-3.524653035495157738e-01
1.102890912239619325e+00
-8.086553010858902324e-01
4.153745193078493547e-01
5.158530218679152624e-01
7.520662795539909684e-01
3.629107421813203005e-01
1.041233994359361814e+00
-4.089623007589759385e-01
1.078219969488903418e+00
-7.502703138742053968e-01
5.353982294134127518e-01
3.736071361551140946e-01
9.652042597635873689e-01
-1.921848274455502104e-01
1.237852266868689988e+00
-1.202844976662401200e+00
-6.542147729741543127e-01
3.995075015260579621e-02
8.015010806948954514e-01
1.126196497486623843e-01
1.222693864495152605e+00
-1.059186505859127880e+00
-2.038183165231499117e-01
6.240853796317984425e-01
3.935789195448227140e-01
9.703595016154414887e-01
-2.001629114620682715e-01
1.235016582909671978e+00
-1.195421217525255875e+00
-6.301396673604892085e-01
8.546723420876012334e-02
8.007315924192401901e-01
1.280006539250750364e-01
1.217281643358426590e+00
-1.036084242782826070e+00
-1.376742883924789718e-01
6.626388336070265783e-01
3.439714001565434831e-01
1.033148796306193828e+00
-3.911635893855489599e-01
1.095732103766477339e+00
-7.982294573299788532e-01
4.366812579609057332e-01
4.935644333249596394e-01
7.899561876075278377e-01
2.744262403223003410e-01
1.131553190353852267e+00
-7.102497995432838218e-01
6.332292682543709805e-01
2.255540314934623702e-01
1.118744310904175920e+00
-6.845581570046044284e-01
6.795554748210959062e-01
1.481186521955635271e-01
1.173151853266806377e+00
-8.823637834940101232e-01
2.619533709894318885e-01
6.392234689499792788e-01
5.065367107378063727e-01
8.325558256298872806e-01
1.815521293149734150e-01
1.203621101766644941e+00
-9.737196204706409786e-01
3.370447152470884555e-02
7.062937258977437516e-01
3.117201833178886439e-01
1.075850856006489664e+00
-5.269210351224884459e-01
9.340511686455703622e-01
-3.795085304441644380e-01
1.078577936041826169e+00
-7.425150688959929468e-01
5.517133022598781356e-01
3.511028842845026476e-01
9.929314611839078486e-01
-2.749471759669835369e-01
1.192045108954065125e+00
-1.071844311283927542e+00
-2.507767859981839820e-01
5.904021116610111974e-01
4.367624493652512152e-01
9.100546214525562227e-01
-2.845044482844213962e-02
1.271883187500456147e+00
-1.273296713153381221e+00
-8.882333713679484433e-01
-4.865309447623548111e-01
4.021326842937261725e-01
6.276457424831047849e-01
5.691249560080828829e-01
7.348292209732482094e-01
4.147739092078137624e-01
9.795964122286300313e-01
-2.190206104293414557e-01
1.226720884758611074e+00
-1.172487963872931527e+00
-5.566029701700663246e-01
2.145239978751249388e-01
7.685903450189228714e-01
2.373336335237079542e-01
1.151718948463484882e+00
-7.858390606926570765e-01
4.809554435046009546e-01
4.404028877008125398e-01
8.727500481580801051e-01
6.575116112634035725e-02
1.255772513182177086e+00
-1.188025098471531260e+00
-5.992333344829550157e-01
1.408796456407551689e-01
7.924440952769029600e-01
1.631091918973056054e-01
1.200486776709122072e+00
-9.687031439056487114e-01
4.640593959497363308e-02
7.063741411067361309e-01
3.153715837645013065e-01
1.072669312147439102e+00
-5.162557593826536673e-01
9.486727809101671571e-01
-4.148487911505579495e-01
1.043662506946339219e+00
-6.493786371128917878e-01
7.227290920098663474e-01
7.391413225376430862e-02
1.209170109077402078e+00
-1.024755054084629524e+00
-1.074210564975681681e-01
6.764184870439359232e-01
3.272149255899993170e-01
1.053028095572764444e+00
-4.542509604148446956e-01
1.027026919618897027e+00
-6.129732991950859189e-01
7.820773041491173583e-01
-4.019486328973703726e-02
1.232361313395902158e+00
-1.138258628443743259e+00
-4.441773932985133566e-01
3.823114320624298457e-01
6.621199384905697150e-01
5.009294914932708176e-01
8.473334839203813251e-01
1.451152012862697294e-01
1.224718254874018086e+00
-1.056374164964443363e+00
-1.948814505038495293e-01
6.299174588599889546e-01
3.860211578815689881e-01
9.803579695928785753e-01
-2.297361005975092629e-01
1.220217244593015060e+00
-1.153423003782290568e+00
-4.964733025379218234e-01
3.088930626792376621e-01
7.174771153987202776e-01
3.719851432345552822e-01
1.021521009117490442e+00
-3.493116979254158316e-01
1.135630175504695361e+00
-9.103117631011797828e-01
1.805545441948788188e-01
6.812665502684573937e-01
4.043926057379051975e-01
9.754332336748473553e-01
-2.107402089789453814e-01
1.230453960149768822e+00
-1.182845789961231908e+00
-5.896376399156841863e-01
1.584046980441571884e-01
7.879798403178499555e-01
1.782442891669652474e-01
1.191914514826463600e+00
-9.354510081655160736e-01
1.324783302989065437e-01
6.947939863520444792e-01
3.639093422303210645e-01
1.023036182798106486e+00
-3.560714411706724647e-01
1.129409235135128364e+00
-8.926127409231237042e-01
2.233622631789305424e-01
6.623691968656835183e-01
4.527825448145924025e-01
9.116939130154153581e-01
-2.782534399672575987e-02
1.272424224228674072e+00
-1.275036372164537690e+00
-8.942775832109053358e-01
-5.021362658163139869e-01
3.787195638095956496e-01
6.485592090381233632e-01
5.247352024634600598e-01
8.090819169253211651e-01
2.409615931252648002e-01
1.161437089971544490e+00
-8.162220816086178665e-01
4.157252458837560893e-01
5.131749034262613751e-01
7.560296996559531246e-01
3.537392015612594309e-01
1.051624918087109783e+00
-4.421591952100306644e-01
1.041780819953838089e+00
-6.520779461161769763e-01
7.172463390506229608e-01
8.415738093101723938e-02
1.205258451043951240e+00
-1.008459893058705426e+00
-6.221036295798043625e-02
6.920438511192792408e-01
3.108423224918014927e-01
1.072341026102847872e+00
-5.166286900210916855e-01
9.480350231367813407e-01
-4.132671741378678987e-01
1.045304846833176038e+00
-6.537072641794618999e-01
7.153249919125573841e-01
8.752203906958105906e-02
1.203873347321710918e+00
-1.002778839227338681e+00
-4.662955636646698432e-02
6.961223064940915695e-01
3.075903612519444441e-01
1.076380129479085124e+00
-5.297547480167934530e-01
9.300179085788546907e-01
-3.698330587933796876e-01
1.087518284646602051e+00
-7.667243448549766471e-01
5.032427760033701958e-01
4.154280883040974981e-01
9.093601376282152149e-01
-3.308177737885981129e-02
1.271275875696102231e+00
-1.272523826191306107e+00
-8.856608808055552728e-01
-4.799104219623724910e-01
4.118621174069900248e-01
6.185443081543313681e-01
5.879227496119283636e-01
7.016488691305491354e-01
4.871412351105287586e-01
8.782654446161486383e-01
6.625210284363694524e-02
1.257334555801159048e+00
-1.193370628443285897e+00
-6.165864728232244296e-01
1.097383816109954724e-01
7.981645407949919946e-01
1.410282266278261309e-01
1.211604817250392374e+00
-1.012872258469751596e+00
-7.279285159354353940e-02
6.887200035187071023e-01
3.140928039764059321e-01
1.068499995741946762e+00
-5.041412960678344213e-01
9.647281737612456443e-01
-4.542230177685416814e-01
1.000572482309308509e+00
-5.378703146270185087e-01
8.951454791930375521e-01
-2.831606948757313669e-01
1.156291672986401453e+00
-9.567628146874870287e-01
6.533438489970866403e-02
7.069951410034412964e-01
3.198213343064464365e-01
1.068898582072454362e+00
-5.036154499671707807e-01
9.655896445978460196e-01
-4.563933414465836114e-01
9.980640584158648743e-01
-5.315026130161406570e-01
9.039261788245800400e-01
-3.033663353750115088e-01
1.142334266832964573e+00
-9.179085086656327830e-01
1.631218376568169259e-01
6.873752199115584771e-01
3.874579811691964970e-01
9.960394039330744409e-01
-2.726948975115369711e-01
1.194704311199563662e+00
-1.080054216931814581e+00
-2.747126627572040736e-01
5.703298690096409995e-01
4.621995778944629207e-01
8.720191309747447050e-01
7.407556266801054723e-02
1.253923674714008119e+00
-1.179031746011190762e+00
-5.699850989288732794e-01
1.914542579953024126e-01
7.776878442549934878e-01
2.107185410558201355e-01
1.171143128313927306e+00
-8.569911554789586550e-01
3.231355616973532463e-01
5.967194256294627852e-01
5.984369664162276781e-01
6.776383038059987651e-01
5.366599508257688944e-01
8.000860271933563084e-01
2.648052739736633798e-01
1.141855241784033304e+00
-7.459251682734433508e-01
5.635904732059393574e-01
3.315345394340745155e-01
1.015195930788912460e+00
-3.434115272162905352e-01
1.139454711401638676e+00
-9.207233132344353477e-01
1.550124260737370530e-01
6.901426128974972318e-01
3.796881712303424861e-01
1.005214433548110575e+00
-3.007320290097256210e-01
1.174948675483204141e+00
-1.022925754730547698e+00
-1.124433369225235624e-01
6.754213679552547589e-01
3.275953649164762838e-01
1.052380198025913538e+00
-4.522271042009424202e-01
1.029400964124216111e+00
-6.192010141760946329e-01
7.720464348978790525e-01
-2.023828094676335954e-02
1.231040507247411542e+00
-1.127716506961579102e+00
-4.111301759288519819e-01
4.250458177285220129e-01
6.237314211854332324e-01
5.828565052349562459e-01
7.115090383830408038e-01
4.661137951894237519e-01
9.092858134226688982e-01
-1.768682813158742317e-02
1.272347790581701776e+00
-1.271722508716869315e+00
-8.824850576734681873e-01
-4.718085804387829318e-01
4.236098114920362478e-01
6.072340445191192204e-01
6.108564846953441485e-01
6.597663105036413178e-01
5.738487271427811232e-01
7.369065868503463790e-01
4.119107733020364592e-01
9.835332968279095756e-01
-2.306996123662365394e-01
1.220548753444068435e+00
-1.154844847057288071e+00
-5.009686430514590505e-01
3.021891320336653752e-01
7.218638269575983202e-01
3.611344010722823961e-01
1.033973870194308864e+00
-3.884024296207516658e-01
1.098993134788868620e+00
-8.074210033245154960e-01
4.169977931832663520e-01
5.143316756750455632e-01
7.547474363111994489e-01
3.567983330368543760e-01
1.048197160252330562e+00
-4.311647015544136652e-01
1.054194948262589859e+00
-6.852071949856343158e-01
6.589460243946634321e-01
1.865440332125644918e-01
1.148965660460304461e+00
-7.922077145200075998e-01
4.660594100150718400e-01
4.582417625149620699e-01
8.458381049265750740e-01
1.358535891103968551e-01
1.227912754734125311e+00
-1.070121549801128502e+00
-2.348503574680392281e-01
6.017469684956493481e-01
4.226057130284027186e-01
9.304902663907522742e-01
-8.535527627858538469e-02
1.268947347453194485e+00
-1.279924901735473020e+00
-9.128066514796255859e-01
-5.504798467002670614e-01
3.019187182837029804e-01
7.072391685598162780e-01
3.903134773218585596e-01
9.988892957572315101e-01
-2.797977120531714990e-01
1.190065325188904177e+00
-1.066696983119712394e+00
-2.359598377587031059e-01
6.020430420149274209e-01
4.217738944583663274e-01
9.315624073392702043e-01
-8.839975793732093856e-02
1.268528398117053424e+00
-1.279349942942380913e+00
-9.108722676742262436e-01
-5.453685861078964026e-01
3.103406670990757621e-01
7.015535626499319610e-01
4.040538383561859126e-01
9.819027627884659992e-01
-2.285700982934157355e-01
1.221428823069133474e+00
-1.157214747241692487e+00
-5.083757128063757236e-01
2.910113643075454282e-01
7.289246263394928427e-01
3.434398540544266742e-01
1.053546081207751506e+00
-4.509111271031660539e-01
1.031414641998698922e+00
-6.246159673519756650e-01
7.632212432601477303e-01
-2.894122834584539339e-03
1.228954646652270055e+00
-1.115329569789863751e+00
-3.728576749510184585e-01
4.707691449852098864e-01
5.778696744965465815e-01
6.737240385117203578e-01
5.378951902530051399e-01
7.970534815772729598e-01
2.719566035836685214e-01
1.135571492547311490e+00
-7.237446794854797139e-01
6.073425422472379376e-01
2.664656470816829659e-01
1.082797245169647482e+00
-5.614901296812636611e-01
8.834595415296191412e-01
-2.611481050319937047e-01
1.169560196592363877e+00
-9.933639063440343753e-01
-3.061253162020211027e-02
7.006788501677126968e-01
3.034850490126522748e-01
1.081259210086416900e+00
-5.457245564515873504e-01
9.074363549059305534e-01
-3.165344004224229790e-01
1.131959269160683235e+00
-8.888248219810299666e-01
2.335743909107516059e-01
6.569727588806308916e-01
4.658138289975068957e-01
8.933162950647433043e-01
2.252454445977275510e-02
1.267284591375054559e+00
-1.241656966413362317e+00
-7.782114537274504862e-01
-2.203553833216372326e-01
6.985574709394088977e-01
2.507178287161404562e-01
1.121564039791232315e+00
-6.858529048791182081e-01
6.779173219537950601e-01
1.508434749692570687e-01
1.171519941069017356e+00
-8.761895187605182045e-01
2.766646804206013277e-01
6.299824608227175826e-01
5.273703428042346708e-01
7.996274683895768787e-01
2.630453793568970910e-01
1.143018220275453523e+00
-7.501732988272620251e-01
5.550414964999088596e-01
3.436485223802197009e-01
1.001180419242220898e+00
-3.002125679095749011e-01
1.174175505469460701e+00
-1.020227135075121083e+00
-1.049561183601868120e-01
6.785097579837311432e-01
3.239874761411460358e-01
1.056597888820285824e+00
-4.657624952809352181e-01
1.013270783831633270e+00
-5.771335024977618522e-01
8.376649235620223788e-01
-1.554955845819647464e-01
1.217449049514325088e+00
-1.121703738803256023e+00
-3.962722738489868335e-01
4.436444773289983101e-01
6.055697266749757723e-01
6.196927717874126662e-01
6.440441340346998444e-01
6.051978463179148449e-01
6.804430337474305368e-01
5.333555428498049089e-01
8.058775210001750677e-01
2.507926524601988838e-01
1.153707519960821548e+00
-7.882196625217494645e-01
4.763059250479857454e-01
4.459198333133308489e-01
8.645094806753315098e-01
8.744865094545553608e-02
1.248646671029547184e+00
-1.156531317418801663e+00
-4.979965621297922085e-01
3.058397985240308148e-01
7.196478560553547510e-01
3.667016881421131802e-01
1.027636177495820702e+00
-3.684400521748765756e-01
1.118243552383470174e+00
-8.611881150785467565e-01
2.971701083414847733e-01
6.180094628680703472e-01
5.544410578301722792e-01
7.550359976094443981e-01
3.682212165885271893e-01
1.036689189198524153e+00
-3.941479000249726861e-01
1.093513162827822960e+00
-7.923238221962840555e-01
4.491660939407267628e-01
4.798526014167571185e-01
8.123879014612171989e-01
2.199920370082427967e-01
1.175961275552514618e+00
-8.700412791362631681e-01
2.930278243042634956e-01
6.187761881160347421e-01
5.518707879201044664e-01
7.592469432514308281e-01
3.585229472047335442e-01
1.047819897834113778e+00
-4.295402694545096267e-01
1.056039189033960435e+00
-6.901683571220597058e-01
6.499464510686000507e-01
2.015469479040467859e-01
1.138114294227368983e+00
-7.529617210433128260e-01
5.477023935691001100e-01
3.541424069971561006e-01
9.887271358634949214e-01
-2.623711667708151229e-01
1.200244059945298147e+00
-1.095531474838805863e+00
-3.201916793238953063e-01
5.278087614367994451e-01
5.139275720936038461e-01
7.885724593298029106e-01
2.835931385692460616e-01
1.123976642257963121e+00
-6.835749477073052027e-01
6.830083998911260501e-01
1.418268516372375720e-01
1.176741721783874484e+00
-8.960614562104571856e-01
2.289259299067553655e-01
6.578116491997210158e-01
4.628751468200271169e-01
8.973887325987900399e-01
1.143339169264040445e-02
1.269033608355800702e+00
-1.251194801283368685e+00
-8.109737205551996730e-01
-2.961081659886107276e-01
6.339558194822459969e-01
3.485075767258483115e-01
1.020146202395221469e+00
-3.524253109481944035e-01
1.132158821002862359e+00
-9.002246276488861110e-01
2.050815139850528657e-01
6.710508133755721527e-01
4.310915824106922312e-01
9.411393106171751510e-01
-1.107130080613524803e-01
1.265181474969562014e+00
-1.274171732867024787e+00
-8.933646042814307187e-01
-4.995919625161914235e-01
3.825616381004793842e-01
6.452276415205715487e-01
5.319222982950649881e-01
7.974504284632657480e-01
2.692786292897750289e-01
1.137719756269927496e+00
-7.313851525427318423e-01
5.924219889770411251e-01
2.892351160042616609e-01
1.060606863431114100e+00
-4.880711514587817712e-01
9.846832305885127035e-01
-5.038628358807565322e-01
9.399761088420363064e-01
-3.881359700355688780e-01
1.071083488922978111e+00
-7.225485673514577822e-01
5.904180416225917050e-01
2.952045803717237571e-01
1.055121370505353928e+00
-4.700321749844177388e-01
1.007234067422791091e+00
-5.613383057032086398e-01
8.610292493971889449e-01
-2.063214073554437422e-01
1.198712842432773318e+00
-1.073573892265195617e+00
-2.539714102849866539e-01
5.876257641814384147e-01
4.403829226927568063e-01
9.047757632152509943e-01
-1.395197757460867050e-02
1.271160208215035947e+00
-1.266373178201393612e+00
-8.638333745905473204e-01
-4.246032921395079818e-01
4.884468496488441058e-01
5.386065574535149336e-01
7.403982216699561691e-01
3.941166299232075065e-01
1.004660381326149876e+00
-2.948444855520044872e-01
1.179691535473248232e+00
-1.036794312079723390e+00
-1.510119631432390030e-01
6.570352481587580229e-01
3.503229668047712630e-01
1.025293920948371795e+00
-3.666217840257290361e-01
1.119412030753419884e+00
-8.643031476414122505e-01
2.899957057940319993e-01
6.229725425770060721e-01
5.436660074114061381e-01
7.730899441125790306e-01
3.263645158602349605e-01
1.082807667136013841e+00
-5.435520668538806888e-01
9.112139110072283721e-01
-3.255007283144888408e-01
1.125033159515600678e+00
-8.696296725078636047e-01
2.787518736260926056e-01
6.303274483775609394e-01
5.273877930383943369e-01
7.997051965689967457e-01
2.628765759242775446e-01
1.143165827133157508e+00
-7.506963788777673008e-01
5.539866735756779903e-01
3.451293580374470427e-01
9.994360187816269114e-01
-2.948824904820616100e-01
1.178092849164423583e+00
-1.031528612897907315e+00
-1.362439361685858219e-01
6.645540419308342273e-01
3.408419146441717396e-01
1.036723717489623553e+00
-4.024619185744550132e-01
1.084251280983203225e+00
-7.665797520115402719e-01
5.025730616232565451e-01
4.164145192194148581e-01
9.080104459435460740e-01
-2.935180215381166802e-02
1.271196994177516748e+00
-1.271124057854478462e+00
-8.806998203857543395e-01
-4.672222604348433839e-01
4.301747569800912774e-01
6.007628717095142568e-01
6.237699878595002190e-01
6.355042646569168951e-01
6.217190578018698677e-01
6.495028578294123056e-01
5.959201700805577540e-01
6.976816685964464249e-01
4.973124560504370018e-01
8.630569500588488596e-01
1.063795181522957933e-01
1.243073842382414140e+00
-1.131411753215841642e+00
-4.192074247261980413e-01
4.145476631114481392e-01
6.336481015945127915e-01
5.622504156173725454e-01
7.475186886716824741e-01
3.863772588064073865e-01
1.015253266029649826e+00
-3.271216942154970830e-01
1.154763935851911061e+00
-9.650081548265242448e-01
4.269214632120316155e-02
7.079458864515273397e-01
3.111453144952665562e-01
1.076847796510156607e+00
-5.300980532397113754e-01
9.296488144851022817e-01
-3.689751015548921043e-01
1.088294968551110520e+00
-7.688328444695951003e-01
4.989429707360412136e-01
4.208284233934529439e-01
9.017477045106653266e-01
-1.215996460831983428e-02
1.270317300718213804e+00
-1.262836451688107875e+00
-8.515630749816306411e-01
-3.940744744474705685e-01
5.271185095300406909e-01
4.927821653409186209e-01
8.181675853896939188e-01
2.106771727069128020e-01
1.183311456077218438e+00
-8.971132511049478842e-01
2.282563773918406813e-01
6.579246613204507987e-01
4.624661092544704033e-01
8.979525353035803237e-01
9.893574854962394749e-03
1.269248724638299075e+00
-1.252421182537839295e+00
-8.152077284657819334e-01
-3.061154515318277869e-01
6.242483439271167001e-01
3.626049716864047645e-01
1.003199191489757336e+00
-3.001905734220623456e-01
1.174799624926873953e+00
-1.022272994246272049e+00
-1.106190171932716626e-01
6.761869079753909384e-01
3.266940665177708869e-01
1.053435454055532627e+00
-4.556085382503293202e-01
1.025419840039417219e+00
-6.087627491601483865e-01
7.887970333407947621e-01
-5.370988847817889655e-02
1.232600457033764529e+00
-1.143138407895236908e+00
-4.596914503372303562e-01
3.612157563130241056e-01
6.794250132465249337e-01
4.620990388188504494e-01
9.048777736257298532e-01
-7.695587636945389054e-03
1.271380421191009802e+00
-1.265280121834044591e+00
-8.598931750344214198e-01
-4.147668180093026513e-01
5.011879288394867071e-01
5.239048785770291650e-01
7.660895281363098164e-01
3.355210324049494597e-01
1.072222749980376477e+00
-5.088699660841883299e-01
9.591387256585807153e-01
-4.405869229064090509e-01
1.015978046406980972e+00
-5.772720239652464613e-01
8.382532284079893259e-01
-1.569174721005572315e-01
1.217003638251795916e+00
-1.120612239355518680e+00
-3.929794159152076305e-01
4.476103783270635739e-01
6.016091041249020943e-01
6.275761936657648921e-01
6.290901008390571425e-01
6.342167611365564506e-01
6.256037701025557451e-01
6.423329203078229632e-01
6.100529183151202073e-01
6.716694876896341926e-01
5.514200145239781525e-01
7.758112009222163374e-01
3.227897770902734553e-01
1.086872824005081117e+00
-5.569726166580096782e-01
8.917559532119060384e-01
-2.804119371218280476e-01
1.157443589690989372e+00
-9.596695097800169716e-01
5.788128170531153804e-02
7.074088071854054416e-01
3.167662758347241092e-01
1.071745419246940889e+00
-5.130636583971042164e-01
9.529955811791337439e-01
-4.253999063648680190e-01
1.032547561884406218e+00
-6.202362264842646855e-01
7.711941012645058269e-01
-1.870734650051578130e-02
1.230868279641025298e+00
-1.126663614507194655e+00
-4.078587764638755830e-01
4.291126214937880934e-01
6.198496683654578510e-01
5.908347305262611204e-01
6.972349501951818906e-01
4.966592130747294886e-01
8.638319615537410900e-01
1.043098429999213261e-01
1.243916827780786827e+00
-1.134967751310725692e+00
-4.302374667872192471e-01
4.003636856483052120e-01
6.465212468635812559e-01
5.349234939900358032e-01
7.933559718675633476e-01
2.792978708599144211e-01
1.128796570626634965e+00
-7.000650157438579324e-01
6.525115344121632521e-01
1.939006717195606855e-01
1.143117001633033425e+00
-7.712328696756268753e-01
5.102149055145666079e-01
4.041831893643784701e-01
9.243548008637045843e-01
-7.494956022237686533e-02
1.269442029050572573e+00
-1.278561159234761657e+00
-9.077734843500607775e-01
-5.372421262150984811e-01
3.235872116428141210e-01
6.922352051811906382e-01
4.262107524837011052e-01
9.533527138085452490e-01
-1.445707299514545907e-01
1.256744839800388647e+00
-1.254541848296302442e+00
-8.264018968372670582e-01
-3.324786876236167088e-01
5.973205221353283800e-01
4.007478650832850819e-01
9.543577647242633688e-01
-1.548938808003036960e-01
1.252718369384148822e+00
-1.243492802429564170e+00
-7.889685787565388075e-01
-2.445078263000271535e-01
6.796117184022884006e-01
2.800267292043960299e-01
1.094102558824209481e+00
-5.918765541546369136e-01
8.377857701461093320e-01
-1.602019615694242893e-01
1.215405195156864959e+00
-1.116154292250843172e+00
-3.794990072069132081e-01
4.635264172653011938e-01
5.853508625339975957e-01
6.593680400025774269e-01
5.669325617126225181e-01
7.478328706587220598e-01
3.871241651010560170e-01
1.014538694310351152e+00
-3.248670176238159790e-01
1.156607597497395501e+00
-9.702976937113209077e-01
2.891361905910694308e-02
7.077402955726704858e-01
3.074192293495248141e-01
1.080012873068403101e+00
-5.407731595859955886e-01
9.145940077404521862e-01
-3.333070264684377948e-01
1.118847198871611104e+00
-8.525387841325219318e-01
3.181028298312609803e-01
6.025731902749247304e-01
5.870986194560373628e-01
6.982132525284184821e-01
4.936271414279729819e-01
8.683291191024327116e-01
9.249449971470249943e-02
1.248521410262267484e+00
-1.154579646722182940e+00
-4.917194017964887087e-01
3.151229478390097372e-01
7.134607183044072709e-01
3.819002091628859175e-01
1.009851337829203777e+00
-3.131495515727397705e-01
1.165667703038469893e+00
-9.962385369415972525e-01
-3.978740057100671468e-02
6.989121867756440398e-01
3.041942370757801939e-01
1.080125868614530971e+00
-5.420823777476788674e-01
9.126431346139511902e-01
-3.287092009454736230e-01
1.122523306083488936e+00
-8.626947620644905834e-01
2.948178383341353848e-01
6.195069904606355093e-01
5.511408757788091028e-01
7.605933262022649410e-01
3.554391717248477356e-01
1.051306191145655378e+00
-4.407108390402049158e-01
1.043475396237166786e+00
-6.565905152852985482e-01
7.094870722034907207e-01
9.830217754097675398e-02
1.199317476308030539e+00
-9.842167193067156150e-01
3.639672104385205387e-03
7.047164381097469343e-01
3.058165402323913540e-01
1.080481672641330215e+00
-5.426719408096120079e-01
9.118545323134995551e-01
-3.268717455838229813e-01
1.123973166408628099e+00
-8.667034740044393670e-01
2.855470733306791353e-01
6.258369742758653764e-01
5.373234362801254660e-01
7.835480270365247080e-01
3.016705159420750015e-01
1.107657267846696492e+00
-6.271653174364291150e-01
7.816263108008174587e-01
-4.346516086146307023e-02
1.231842984948047226e+00
-1.137451543650439545e+00
-4.417615243294606975e-01
3.855499947758239676e-01
6.593632248408687335e-01
5.070011912511771524e-01
8.379386763501027735e-01
1.691026419226460409e-01
1.211347617997724724e+00
-1.003577479703472219e+00
-4.663057547584487095e-02
6.958825812920663711e-01
3.080572336332534356e-01
1.075905811516337796e+00
-5.281854712665050577e-01
9.321998945750733512e-01
-3.750509422040403384e-01
1.082731475425128265e+00
-7.537457096879973673e-01
5.294338098052505659e-01
3.814560645427377272e-01
9.551179220945685833e-01
-1.627135237859236860e-01
1.249469409476405168e+00
-1.234457384440020178e+00
-7.585982247549721835e-01
-1.759969885739594009e-01
7.290556165915649256e-01
2.030699745106226140e-01
1.160984304610626516e+00
-8.261173854199210798e-01
3.928373830929229316e-01
5.361150909966094780e-01
7.154640678158529221e-01
4.441901620291325292e-01
9.384123602839021805e-01
-9.960781249830610862e-02
1.267633305250193798e+00
-1.279534218960835190e+00
-9.118009529133421776e-01
-5.477936345154008624e-01
3.063507017041677272e-01
7.042708562368894532e-01
3.975087959887524391e-01
9.900627168272680967e-01
-2.530612177553219766e-01
1.207362843143651165e+00
-1.116733414332085950e+00
-3.837220732170221194e-01
4.588402944368166758e-01
5.901351959164830019e-01
6.500887190879049982e-01
5.853790790154507206e-01
7.152904831178032996e-01
4.593170583701746690e-01
9.192261207815783930e-01
-4.517220806695604329e-02
1.272911096500171313e+00
-1.281975385850662619e+00
-9.189719169476857630e-01
-5.669057535491047739e-01
2.743734381457846871e-01
7.245351769513543871e-01
3.473803197478328442e-01
1.048418231918057053e+00
-4.346390087011089420e-01
1.050049974536861441e+00
-6.740386312451414064e-01
6.789556853859051166e-01
1.524152588214758020e-01
1.171164130045507124e+00
-8.745510096609063755e-01
2.805739831151772279e-01
6.274242331001660400e-01
5.330465593406891189e-01
7.904331817351242240e-01
2.852155070991300723e-01
1.123242914834797768e+00
-6.807798518874628169e-01
6.881271850201572393e-01
1.328394125644892509e-01
1.181733322163377231e+00
-9.152392788264622769e-01
1.817918841395174678e-01
6.791606115574673197e-01
4.087747744342971057e-01
9.698126407679055205e-01
-1.941187491402168175e-01
1.238188867955504202e+00
-1.204591966562571059e+00
-6.600018678832638708e-01
2.877895817807257783e-02
8.008399198276795472e-01
1.107512793879760482e-01
1.223079791707800901e+00
-1.061068463821203789e+00
-2.092888613699047107e-01
6.203569023627233392e-01
3.984335807563258447e-01
9.638580251247863551e-01
-1.811011354095367620e-01
1.243240737792163042e+00
-1.218236885571263750e+00
-7.047693317752723452e-01
-6.085080108672846766e-02
7.833852524773630144e-01
1.225753243553510258e-01
1.213980981546061599e+00
-1.026477155671149388e+00
-1.109231970968077574e-01
6.748313153828070510e-01
3.291668149611522431e-01
1.050758285714504803e+00
-4.469801205084132922e-01
1.035519766332749558e+00
-6.353156972046889450e-01
7.455794807392728263e-01
3.116102389937211448e-02
1.222314431047141658e+00
-1.082325288514724759e+00
-2.733049129077325112e-01
5.707286078582780586e-01
4.619849247686929061e-01
8.724164833585346113e-01
7.304074882066671770e-02
1.254256013623963106e+00
-1.180509182150424996e+00
-5.747658967108624228e-01
1.833490749242941420e-01
7.805065944009090817e-01
2.021379610126610993e-01
1.176948320924974256e+00
-8.786489018755644365e-01
2.722510464035029498e-01
6.326364442624075046e-01
5.213548950684757655e-01
8.092556360221163647e-01
2.395539103135587433e-01
1.162436184481511869e+00
-8.198948630946419902e-01
4.076122342038790980e-01
5.214247142098582533e-01
7.416464446367984076e-01
3.863721858835923451e-01
1.013497080956788032e+00
-3.221352105860244563e-01
1.158769592828013062e+00
-9.764863201437261608e-01
1.269513104943414961e-02
7.068284710635749368e-01
3.043594568063309191e-01
1.082359990792649773e+00
-5.487965724942315271e-01
9.030592480638119923e-01
-3.063613794672779278e-01
1.139517561658412781e+00
-9.098087964992915833e-01
1.830024038350389071e-01
6.801715293170487175e-01
4.072140881396217882e-01
9.718988197839775189e-01
-2.002580158145972344e-01
1.235425063877994001e+00
-1.196862528585502794e+00
-6.348443581015185133e-01
7.670293880568845868e-02
8.013100154195436087e-01
1.240740445053696572e-01
1.218840888697974467e+00
-1.042580143395284153e+00
-1.561104309535915613e-01
6.531073036678922694e-01
3.559980605678402799e-01
1.018503724321078607e+00
-3.454903528679184044e-01
1.138442099801605156e+00
-9.181176863013383871e-01
1.614165096814297873e-01
6.880872886727693594e-01
3.855751893381687001e-01
9.982906693154002253e-01
-2.795454078176150547e-01
1.190083311749936756e+00
-1.066681226813260386e+00
-2.359073819651981707e-01
6.020824219440783498e-01
4.217232454707744993e-01
9.316340325046591486e-01
-8.860178508801677677e-02
1.268499822902301233e+00
-1.279309056510842257e+00
-9.107343800282354795e-01
-5.450046723048327380e-01
3.109375560237920832e-01
7.011435690640818175e-01
4.050380405912512027e-01
9.806649306628244522e-01
-2.248737765473158012e-01
1.223403977668734433e+00
-1.162866342570148426e+00
-5.261401896548428825e-01
2.635871983909078287e-01
7.448884474857522253e-01
3.022738406404443801e-01
1.095549269615990973e+00
-5.896373308264504232e-01
8.419237262190000237e-01
-1.692609843266150160e-01
1.212468124724399576e+00
-1.108888830159767469e+00
-3.577477752970166236e-01
4.881564919301191741e-01
5.590602025519663121e-01
7.088793134706119492e-01
4.642042272723974072e-01
9.109840035765945920e-01
-2.258732849969793954e-02
1.272580938700723863e+00
-1.274023342312090801e+00
-8.906153858482819263e-01
-4.926810744071849490e-01
3.929868867348900729e-01
6.359815072740306885e-01
5.516345973880999454e-01
7.647734315324656862e-01
3.466606170073097681e-01
1.061189012722295377e+00
-4.725727839093349925e-01
1.005701653288141983e+00
-5.577819767699033759e-01
8.661414689333650774e-01
-2.176160549194371685e-01
1.193542994377830180e+00
-1.059647647675586946e+00
-2.139314938008175515e-01
6.180323480415350623e-01
4.010709753437283753e-01
9.602086062440231551e-01
-1.704795019040066251e-01
1.247374017075993491e+00
-1.229462564438023264e+00
-7.419972711735305371e-01
-1.396226999319591378e-01
7.501085209771349849e-01
1.703852794809053994e-01
1.184388955443839819e+00
-9.127724930440184181e-01
1.889016129522421150e-01
6.762109049604523303e-01
4.165048207032652217e-01
9.599964995514529420e-01
-1.652791446004801823e-01
1.249754875969622869e+00
-1.236225893393930297e+00
-7.646297805057828967e-01
-1.893899497490293959e-01
7.203950915559492740e-01
2.166262919622248817e-01
1.150420796949760405e+00
-7.878673264876631110e-01
4.760973452793829663e-01
4.463036469987947674e-01
8.639674801296202133e-01
8.887536468950255064e-02
1.248131881410717181e+00
-1.154303861344548210e+00
-4.909448016176921614e-01
3.162713240670264048e-01
7.126779889167382809e-01
3.838075149791387863e-01
1.007571904698775000e+00
-3.061393458999025485e-01
1.171061752658404176e+00
-1.011781683725093473e+00
-8.186451993269777683e-02
6.870829754091365427e-01
3.145244228842896672e-01
1.067629034995767334e+00
-5.014071320471038540e-01
9.683159536039476212e-01
-4.631122400196225342e-01
9.902326604827947909e-01
-5.117186826474542372e-01
9.304713839062142000e-01
-3.656033995699198846e-01
1.092009231083948873e+00
-7.791588449525560511e-01
4.776788613902629987e-01
4.468044140474958792e-01
8.638158002398222957e-01
8.939249277269845084e-02
1.247957315202183004e+00
-1.153538696961487586e+00
-4.885249409819943378e-01
3.198191257655083608e-01
7.102445352178220483e-01
3.897195180001604697e-01
1.000439536770958204e+00
-2.843151180282369461e-01
1.186962740156113139e+00
-1.057727300534943016e+00
-2.102130371688787913e-01
6.208164804454469055e-01
3.973577454995956271e-01
9.651944950617041830e-01
-1.850332549665066328e-01
1.241626120897610930e+00
-1.213799570223300206e+00
-6.901453190746921207e-01
-3.096065708398204608e-02
7.916144170756916898e-01
1.133970634238834069e-01
1.219481873532283212e+00
-1.047971336796165387e+00
-1.716969297851936860e-01
6.443368289844240149e-01
3.672529922044578399e-01
1.004476384298948588e+00
-3.023860315986673375e-01
1.173330678341298228e+00
-1.018102642511191425e+00
-9.914698346118966388e-02
6.808070331854076951e-01
3.213584019530396074e-01
1.059662398447486442e+00
-4.756306375709593026e-01
1.001184414779625831e+00
-5.460075166279583225e-01
8.829814329339655821e-01
-2.553209502569542266e-01
1.173630127184029925e+00
-1.004967030684689400e+00
-6.185318771327297238e-02
6.931537472321824822e-01
3.087970794631953453e-01
1.074448233370656203e+00
-5.235754848316951371e-01
9.385506663677544159e-01
-3.903009401246065879e-01
1.068296446503313790e+00
-7.148504986936325967e-01
6.050732042754447537e-01
2.729858348468945373e-01
1.077192188844755094e+00
-5.425844659373478818e-01
9.110005929063027530e-01
-3.246662521670935497e-01
1.125728732457173420e+00
-8.715711263616160442e-01
2.742279001069936051e-01
6.332473444155874986e-01
5.208652911389469731e-01
8.101532912061122360e-01
2.373718899887501121e-01
1.164162407542269850e+00
-8.261721885918343888e-01
3.936640429790108642e-01
5.351884131940369826e-01
7.171019202296915473e-01
4.406272943622558946e-01
9.433171985171044938e-01
-1.135980835167448022e-01
1.264928825144983060e+00
-1.274142330810756896e+00
-8.933355032859201517e-01
-4.995103492467785067e-01
3.826845244077298758e-01
6.451204719163279311e-01
5.321527647225551272e-01
7.970749505722957151e-01
2.701859618550078723e-01
1.136921849594766609e+00
-7.285720203638765824e-01
5.979324904784886208e-01
2.808958254531060961e-01
1.068916296483771955e+00
-5.153461208080842848e-01
9.488606150204148548e-01
-4.150748896741131011e-01
1.043456154852956397e+00
-6.488435128429576038e-01
7.236397806341420269e-01
7.223060118439189603e-02
1.209787770543800489e+00
-1.027351849304957376e+00
-1.146962200153019418e-01
6.733771331683948702e-01
3.307796651316887715e-01
1.048831878340033441e+00
-4.408337330916888841e-01
1.042581431177833862e+00
-6.540165768190550066e-01
7.139416734975894130e-01
9.019722853512956995e-02
1.202792745999691215e+00
-9.983353772007300675e-01
-3.450511171882608696e-02
6.988325430111608227e-01
3.059347740443279506e-01
1.078615242545972741e+00
-5.369947458202123380e-01
9.198758729098716058e-01
-3.457386939324411101e-01
1.108613419598007299e+00
-8.243548079376343818e-01
3.811988367615506412e-01
5.492559832110066598e-01
6.920046618981396946e-01
4.943581620390399278e-01
8.654554092449772140e-01
9.968915706376457742e-02
1.245723523522975551e+00
-1.142651188762766834e+00
-4.541953777964570782e-01
3.683938256748370832e-01
6.737417715475837454e-01
4.750189830831439974e-01
8.862222834591932941e-01
4.295978494546587312e-02
1.263282924666172979e+00
-1.221349311370727664e+00
-7.093869191401989127e-01
-7.092651487733064863e-02
7.801411255402385114e-01
1.266537994739346806e-01
1.211584678772414492e+00
-1.017116267528296314e+00
-8.486029870724570712e-02
6.847833413261549262e-01
3.180423960068878286e-01
1.063823650476923621e+00
-4.889963442376004110e-01
9.843827005942442643e-01
-5.033119249921845784e-01
9.406627588031994947e-01
-3.897785736165999548e-01
1.069500556610132103e+00
-7.182975889101153033e-01
5.985181702553206140e-01
2.829971231508777163e-01
1.067433130680253806e+00
-5.102797469181236112e-01
9.556903510433221172e-01
-4.317655899836684852e-01
1.025716970741473055e+00
-6.024631026889898378e-01
7.995685850801398376e-01
-7.577282195257645236e-02
1.231832446758722277e+00
-1.147107494228385427e+00
-4.726481106132788823e-01
3.431130206786611181e-01
6.933884038730868671e-01
4.298314361276645013e-01
9.493594322849272515e-01
-1.328472334974036828e-01
1.260100087258398949e+00
-1.262847291921295634e+00
-8.546665696206100504e-01
-4.014911108942740281e-01
5.179268721358514238e-01
5.040051238991206661e-01
7.997484307575601914e-01
2.557649636708841934e-01
1.148342525929071822e+00
-7.694372904987598627e-01
5.156555161646194652e-01
3.969079569589719636e-01
9.341463580331026417e-01
-1.026087984294216660e-01
1.265503915688749093e+00
-1.272882864401805536e+00
-8.886719263762183907e-01
-4.874977691414479897e-01
4.006827172020905325e-01
6.289853734473349611e-01
5.663331751456704977e-01
7.396690406553931840e-01
4.039455469580036651e-01
9.934599053265369406e-01
-2.605639528005754268e-01
1.202986968699276460e+00
-1.104217891444555733e+00
-3.461199218909817854e-01
5.010160321048862109e-01
5.447401332361314630e-01
7.348662717701003322e-01
4.073822276314377766e-01
9.881154903850964955e-01
-2.447064429851400491e-01
1.212600906581713378e+00
-1.131973274995452305e+00
-4.301286214509876249e-01
4.013931341135064668e-01
6.453983862058549903e-01
5.372632325500812378e-01
7.895070223915288121e-01
2.885290959972712788e-01
1.120303451785654936e+00
-6.705530249168130119e-01
7.065931326205732166e-01
9.985069543177918505e-02
1.198019713856678159e+00
-9.793965200753979028e-01
1.650135320688456142e-02
7.057998314566589215e-01
3.075356430441180122e-01
1.079330508997414784e+00
-5.386753938004306130e-01
9.175595008587559276e-01
-3.402842308027661522e-01
1.113157149431384330e+00
-8.368516443031170926e-01
3.534982004274521139e-01
5.739991379214389733e-01
6.447844456598583740e-01
5.901539674655845724e-01
7.058409462564392278e-01
4.795501722626156482e-01
8.897965690729857657e-01
3.543194361110543755e-02
1.265181379042610965e+00
-1.230327907543296462e+00
-7.396350503990292147e-01
-1.349823831532731555e-01
7.526011436138593247e-01
1.665334111375736392e-01
1.186953615248995231e+00
-9.224424153124516357e-01
1.648260711802412293e-01
6.852325881692649112e-01
3.920866415092632562e-01
9.903450682207605160e-01
-2.554707033560768004e-01
1.205732128083680132e+00
-1.111947161577302889e+00
-3.692774477706446401e-01
4.755036847220075469e-01
5.726715098109177449e-01
6.835173840078399010e-01
5.177270330059861037e-01
8.297974222150978907e-01
1.913288432210457912e-01
1.197689809916904435e+00
-9.508465801239929238e-01
9.355403646818133412e-02
7.024927251275163709e-01
3.371717705405364307e-01
1.051589093549038623e+00
-4.470239391776431592e-01
1.035714164987655339e+00
-6.358925459317993356e-01
7.446111875360208465e-01
3.300808737513577507e-02
1.221858008895775782e+00
-1.080209365251308729e+00
-2.670357792185565904e-01
5.761058400886009956e-01
4.552321516565632775e-01
8.827009153639704397e-01
4.574437711882112234e-02
1.261880707356006548e+00
-1.215556774300567300e+00
-6.900453679603983925e-01
-3.129468607121232981e-02
7.916152892850665257e-01
1.132949214568049617e-01
1.219514551866454966e+00
-1.048113562662614795e+00
-1.721044907723101036e-01
6.440979931596209074e-01
3.675615380591554793e-01
1.004087319983309357e+00
-3.011994231940236522e-01
1.174216666449615198e+00
-1.020658518633472678e+00
-1.061763363878203692e-01
6.780196642377227523e-01
3.245521679534058568e-01
1.055938145658758875e+00
-4.636418640541396519e-01
1.015832154352591443e+00
-5.837735113595198255e-01
8.276415287147447231e-01
-1.341187534824472560e-01
1.223109482564463724e+00
-1.134631154919488294e+00
-4.354101560301653628e-01
3.941958479602554744e-01
6.518304400222035833e-01
5.234226628327213193e-01
8.119893344530058066e-01
2.339694478782070319e-01
1.166958416779295460e+00
-8.363178907253936423e-01
3.708888649474686994e-01
5.565226625835516527e-01
6.776621959275206386e-01
5.240403262700323861e-01
8.188330897981733747e-01
2.185294173532170148e-01
1.178792778191220858e+00
-8.798145542761222071e-01
2.699347235748379981e-01
6.340449767291695959e-01
5.181621715507609416e-01
8.143246425820706014e-01
2.270741785422445702e-01
1.172109637189731934e+00
-8.552551486675896708e-01
3.275869741055302264e-01
5.931849395546587855e-01
6.056603707114092128e-01
6.644012033560033892e-01
5.636975685841552064e-01
7.544634326480372799e-01
3.722081708909633080e-01
1.032384538325216150e+00
-3.804825176948685161e-01
1.107041636717568611e+00
-8.299024149052988131e-01
3.678792654433650777e-01
5.615600600080005167e-01
6.688741982383447082e-01
5.421182477058164029e-01
7.892131871776285612e-01
2.906350375706461819e-01
1.118507741064121319e+00
-6.642928822773147557e-01
7.177532754972131279e-01
7.947446503503591275e-02
1.206483315819516733e+00
-1.014000448380687258e+00
-7.753067829687348977e-02
6.873844569777511904e-01
3.152444481385009434e-01
1.067084650178318217e+00
-4.995641764631069126e-01
9.707352820861283593e-01
-4.691270359805013168e-01
9.831083383828476130e-01
-4.938409177911873837e-01
9.535021085960750931e-01
-4.209850548733821141e-01
1.037930849581380155e+00
-6.345161443798302825e-01
7.477242224043101348e-01
2.691703880786860958e-02
1.223302928951834900e+00
-1.086982966732632505e+00
-2.871538792680750074e-01
5.584648194500243523e-01
4.772176998308899076e-01
8.487080195903677904e-01
1.347378864254614173e-01
1.229196388623349456e+00
-1.074871900598919572e+00
-2.487305271889821978e-01
5.909248046023314327e-01
4.365118672712803849e-01
9.105177870045756405e-01
-2.970613645100933509e-02
1.271919899741388305e+00
-1.273804164836703334e+00
-8.900319005750473300e-01
-4.911607471087341970e-01
3.952559985269119003e-01
6.339335497472711189e-01
5.559563558648273895e-01
7.574576074470833476e-01
3.635480688482045641e-01
1.042203204525562477e+00
-4.115981066782305464e-01
1.075482759368123098e+00
-7.428078639807700334e-01
5.501758959020930373e-01
3.533867178014300503e-01
9.902177275247733279e-01
-2.667275917256277662e-01
1.197464266794577625e+00
-1.087507215867513644e+00
-2.965014423511020403e-01
5.506694877969484647e-01
4.865179285878943882e-01
8.338212735666467035e-01
1.725942958231418967e-01
1.208442074739033423e+00
-9.926868584524689565e-01
-1.706545610021481529e-02
7.017862207555876086e-01
3.053749036705610820e-01
1.079980501718150077e+00
-5.412885666267734930e-01
9.138035132102312330e-01
-3.314381750455377418e-01
1.120349284534546186e+00
-8.566869796135586634e-01
3.086271719052012252e-01
6.096428823824487919e-01
5.722579299161478783e-01
7.244220710220539150e-01
4.369751071974099510e-01
9.500004792723530933e-01
-1.324087427055577193e-01
1.260455238578892523e+00
-1.263968994657028944e+00
-8.585280956623526638e-01
-4.110893858553847369e-01
5.058492948731538874e-01
5.184362714702508423e-01
7.754681538555803222e-01
3.136396807392204944e-01
1.094922657088793772e+00
-5.843059707871717245e-01
8.504979426300832701e-01
-1.879772418213576102e-01
1.205679761969153940e+00
-1.091522336337201082e+00
-3.062854864214843431e-01
5.412081802294163024e-01
4.980455419874237899e-01
8.150933474178595484e-01
2.192856315894351482e-01
1.177207340715149320e+00
-8.743582827702565119e-01
2.828588329060123807e-01
6.256797480747910978e-01
5.367924438604960713e-01
7.842993455224239741e-01
2.998620844164853194e-01
1.109405626117888177e+00
-6.331345552418872202e-01
7.716185767774872417e-01
-2.349368581192698424e-02
1.230712838451004876e+00
-1.127563832762958906e+00
-4.107464242018301070e-01
4.255331751786866068e-01
6.232661962907343201e-01
5.838149005393977742e-01
7.098040855586624787e-01
4.697938943357427011e-01
9.039524012503986627e-01
-3.043752916183417589e-03
1.271172750170578958e+00
-1.263145350961581093e+00
-8.523988236670243523e-01
-3.961608617129719900e-01
5.245595532054624366e-01
4.959239266833482818e-01
8.130511084817954037e-01
2.233042310001378816e-01
1.174104641128950410e+00
-8.629391223487163920e-01
3.097018919067232035e-01
6.068368967045399964e-01
5.773591406892218947e-01
7.153700607390066635e-01
4.567516888843445866e-01
9.225400708035205177e-01
-5.448674846812714967e-02
1.272605693178975539e+00
-1.283681374976595180e+00
-9.251913134928297922e-01
-5.834749656806013096e-01
2.458223561457806849e-01
7.403574272023314418e-01
3.063659388246166015e-01
1.090703104300055237e+00
-5.735767847743028502e-01
8.666244720451788952e-01
-2.235262011989097020e-01
1.190037793942172017e+00
-1.049723791774725079e+00
-1.856767164424171779e-01
6.368166822272096628e-01
3.765473035992555340e-01
9.925419840811450234e-01
-2.662312351494536822e-01
1.198531896427458276e+00
-1.090939560000435460e+00
-3.066492040752836212e-01
5.410709038958625428e-01
4.981444265176548925e-01
8.149142536299140982e-01
2.197239908784166529e-01
1.176884191054420326e+00
-8.731617615518193487e-01
2.856892107455394347e-01
6.237858163434812919e-01
5.409545206838370923e-01
7.774512340754524686e-01
3.160837662935295223e-01
1.093362843982612187e+00
-5.787941021543854259e-01
8.590051954306019422e-01
-2.066841267337887200e-01
1.197895899087988214e+00
-1.070941657092683741e+00
-2.463136763285960762e-01
5.937789048670831793e-01
4.325031540902076199e-01
9.162511018429558840e-01
-4.557156805274065192e-02
1.271967855612186948e+00
-1.278734586410753327e+00
-9.076366427926561009e-01
-5.369463613991187767e-01
3.240730541345488436e-01
6.918834093977325184e-01
4.270382031606022033e-01
9.522587450772297402e-01
-1.414039436583038323e-01
1.257684518128199924e+00
-1.256899669092598648e+00
-8.344101339926572880e-01
-3.518062811212814278e-01
5.764022365912623291e-01
4.293227619772421733e-01
9.148754234449039124e-01
-4.299902799971633272e-02
1.271874144060982648e+00
-1.277629082063114874e+00
-9.037082566485177271e-01
-5.266527830075189431e-01
3.405791076160539221e-01
6.796123851353776946e-01
4.555515406436605463e-01
9.133456268846755766e-01
-3.121486561600705922e-02
1.272639573095807108e+00
-1.276820535898071318e+00
-9.005870813187109025e-01
-5.185260882228373003e-01
3.534068497696380429e-01
6.695872114834096056e-01
4.783362076359118364e-01
8.805484248953143744e-01
5.798912227090671778e-02
1.259456693846144226e+00
-1.203326892462132092e+00
-6.493568460177568946e-01
4.867189340318001101e-02
8.018764117042422868e-01
1.143934765142140264e-01
1.222242709054661480e+00
-1.057110092817924452e+00
-1.978016349561307341e-01
6.280912906467769341e-01
3.883613723722931788e-01
9.772730094227857212e-01
-2.205791372130873618e-01
1.225064684743697674e+00
-1.167270615692571845e+00
-5.400095609399326868e-01
2.415643590230741045e-01
7.563024563477001028e-01
2.716785400383315285e-01
1.123557816140007048e+00
-6.858314706815229478e-01
6.785566161939493579e-01
1.496358448627274629e-01
1.172219744363289795e+00
-8.788480272463728982e-01
2.703425263162091419e-01
6.340264776770458965e-01
5.183173537410765697e-01
8.140939124383005376e-01
2.276467485455838935e-01
1.171675914758763426e+00
-8.536602043524237349e-01
3.312727321345986242e-01
5.902636664159828239e-01
6.116061453932054581e-01
6.533921920089662549e-01
5.857919444083671268e-01
7.156045746154602316e-01
4.588117132277068633e-01
9.199699089117171491e-01
-4.723897265593438033e-02
1.272866843920891888e+00
-1.282437695091165120e+00
-9.206449653307684500e-01
-5.713533215917980801e-01
2.667840450691966181e-01
7.289507861375842390e-01
3.361182654659161106e-01
1.060519552109532748e+00
-4.737469289294704011e-01
1.003945251894713397e+00
-5.531925750015564969e-01
8.727527405168202801e-01
-2.323340570119351023e-01
1.186255062488370982e+00
-1.039781719694584883e+00
-1.577279157089283013e-01
6.532361505401886870e-01
3.552771695657319095e-01
1.019260231061563715e+00
-3.478648352034213742e-01
1.136364148318924183e+00
-9.122123191794577757e-01
1.759254031278064123e-01
6.830066577942089934e-01
3.996802885106399694e-01
9.812599311047349726e-01
-2.281153867951448422e-01
1.221526697761642577e+00
-1.157413078720791910e+00
-5.089890393830258652e-01
2.900782972868848342e-01
7.294997022054906521e-01
3.419857474610062398e-01
1.055113958608598912e+00
-4.559759276726894628e-01
1.025454522318822059e+00
-6.089725465835795770e-01
7.884497692061606111e-01
-5.300601796082099471e-02
1.232601437645760134e+00
-1.142930631109198902e+00
-4.590261672450122732e-01
3.621337795653359337e-01
6.786949258033108112e-01
4.637626106339746146e-01
9.025024151101378456e-01
-1.186069801291794734e-03
1.270748755066838376e+00
-1.261079178845874615e+00
-8.452243469259678177e-01
-3.784896289447626794e-01
5.458765370159679442e-01
4.692794401862077081e-01
8.554504909307176774e-01
1.162700726488141711e-01
1.237708925567950535e+00
-1.109811716408154236e+00
-3.530421865571534146e-01
4.925621853928754956e-01
5.544228349622463137e-01
7.174301037192588604e-01
4.457385152769969272e-01
9.370730775138993440e-01
-9.562677905881936113e-02
1.268319650031739743e+00
-1.280776662236934538e+00
-9.160485069335737585e-01
-5.590358125484018448e-01
2.876559923236152727e-01
7.164448983479221322e-01
3.676861883808142939e-01
1.025663083127960284e+00
-3.624728076139300814e-01
1.123757774175052848e+00
-8.767059913105956781e-01
2.610685789726638339e-01
6.415686785092928890e-01
5.020660567499746207e-01
8.395721480761316746e-01
1.637858684697544032e-01
1.214315509428291140e+00
-1.015251258472399609e+00
-7.873451213322019138e-02
6.867458496970815229e-01
3.161118394534009335e-01
1.066126381849466620e+00
-4.964420950695883628e-01
9.748012592949248933e-01
-4.792651216930363667e-01
9.708672981684600689e-01
-4.633961714220065087e-01
9.906297730865349926e-01
-5.129051376822737485e-01
9.288885795607393359e-01
-3.618391318383971655e-01
1.095367993606831014e+00
-7.883151975370754627e-01
4.585932071469638327e-01
4.690746192410041315e-01
8.295345643615590348e-01
1.773437549135712388e-01
1.204829238938885050e+00
-9.790557665288026623e-01
1.947850011904367351e-02
7.057520932877165976e-01
3.085231259837217799e-01
1.078464501012840415e+00
-5.357630141277081037e-01
9.216805400737626552e-01
-3.500219293692403699e-01
1.104982670567017156e+00
-8.143879619655560731e-01
4.029759475379283695e-01
